# Changed Seed Analysis

Changed seeds: `9`
Fail -> success: `1` [930013]
Success -> fail: `0` []

## Largest Improvements
- `930013`: 488 -> 500 (+12)
- `930147`: 491 -> 493 (+2)
- `930260`: 475 -> 477 (+2)
- `930058`: 490 -> 491 (+1)
- `930066`: 490 -> 491 (+1)
- `930081`: 463 -> 464 (+1)
- `930118`: 485 -> 484 (-1)
- `930020`: 460 -> 456 (-4)
- `930266`: 443 -> 439 (-4)

## Largest Regressions
- `930020`: 460 -> 456 (-4)
- `930266`: 443 -> 439 (-4)
- `930118`: 485 -> 484 (-1)
- `930058`: 490 -> 491 (+1)
- `930066`: 490 -> 491 (+1)
- `930081`: 463 -> 464 (+1)
- `930147`: 491 -> 493 (+2)
- `930260`: 475 -> 477 (+2)
- `930013`: 488 -> 500 (+12)
